SAT with the following box:
                    x_0_0 : [5000, 5000];
                    x_0_t : [1000, 1000];
                    y_0_0 : [90, 90];
                    y_0_t : [90, 90];
                    z_0_0 : [0, 0];
                    z_0_t : [3999.999910593033, 4000.000283122063];
                   time_0 : [3999.999980442226, 4000.000003725291];
                 mode_1_0 : [3, 3];
                 mode_2_0 : [4, 4]
                 mode_3_0 : [1, 1];
        gamma_gate0_1_0_0 : [0, 0];
        gamma_gate0_2_0_0 : [0, 0];
        gamma_gate0_3_0_0 : [0, 0];
        gamma_gate0_4_0_0 : [1, 1];
       gamma_train0_1_0_0 : [1, 1];
       gamma_train0_2_0_0 : [0, 0];
       gamma_train0_3_0_0 : [0, 0];
  gamma_controller0_1_0_0 : [0, 0];
  gamma_controller0_2_0_0 : [0, 0];
  gamma_controller0_3_0_0 : [1, 1];
