SAT with the following box:
                    x_0_0 : [5000, 5000];
                    x_0_t : [1000, 1000];
                    x_1_0 : [1000, 1000];
                    x_1_t : [996.5790335203436, 996.5806094148216];
                    y_0_0 : [90, 90];
                    y_0_t : [90, 90];
                    y_1_0 : [90, 90];
                    y_1_t : [90, 90];
                    z_0_0 : [0, 0];
                    z_0_t : [3999.999999999998, 4000.000000000002];
                    z_1_0 : [0, 0]
                    z_1_t : [3.41937733243233, 3.420921836688777];
                   time_0 : [3999.999999999998, 4000.000000000002];
                   time_1 : [3.41937733243233, 3.420966479656448];
                 mode_1_0 : [3, 3];
                 mode_1_1 : [1, 1];
                 mode_2_0 : [4, 4];
                 mode_2_1 : [4, 4];
                 mode_3_0 : [1, 1];
                 mode_3_1 : [2, 2];
        gamma_gate0_1_0_0 : [0, 0];
        gamma_gate0_1_1_0 : [0, 0];
        gamma_gate0_2_0_0 : [0, 0];
        gamma_gate0_2_1_0 : [0, 0];
        gamma_gate0_3_0_0 : [0, 0];
        gamma_gate0_3_1_0 : [0, 0];
        gamma_gate0_4_0_0 : [1, 1];
        gamma_gate0_4_1_0 : [1, 1];
       gamma_train0_1_0_0 : [1, 1];
       gamma_train0_1_1_0 : [0, 0];
       gamma_train0_2_0_0 : [0, 0];
       gamma_train0_2_1_0 : [1, 1];
       gamma_train0_3_0_0 : [0, 0];
       gamma_train0_3_1_0 : [0, 0];
  gamma_controller0_1_0_0 : [0, 0];
  gamma_controller0_1_1_0 : [1, 1];
  gamma_controller0_2_0_0 : [0, 0];
  gamma_controller0_2_1_0 : [0, 0];
  gamma_controller0_3_0_0 : [1, 1];
  gamma_controller0_3_1_0 : [0, 0];
                             CNF_965_958 : U
                             sync_exit_0 : U
                         sync_approach_0 : U
                             CNF_965_952 : U
                             CNF_965_945 : U
                             CNF_965_940 : U
                             CNF_965_934 : U
                             CNF_965_922 : U
                           CNF_1066_1051 : U
                            sync_lower_0 : U
                            sync_raise_0 : U
                           CNF_1066_1047 : U
                           CNF_1066_1042 : U
                           CNF_1066_1037 : U
                           CNF_1066_1033 : U
                           CNF_1066_1026 : U
                           CNF_1066_1021 : U
                           CNF_1066_1016 : U
                           CNF_1066_1012 : U
                           CNF_1066_1005 : U
                            CNF_1066_997 : U
                            CNF_1066_992 : U
                            CNF_1066_988 : U
                            CNF_1066_979 : U
                           CNF_1157_1145 : U
                           CNF_1157_1141 : U
                           CNF_1157_1134 : U
                           CNF_1157_1127 : U
                           CNF_1157_1120 : U
                           CNF_1157_1117 : U
                           CNF_1157_1110 : U
                           CNF_1157_1103 : U
                           CNF_1157_1096 : U
                           CNF_1157_1084 : U
                           CNF_1157_1075 : U
