SAT with the following box:
                    d_0_0 : [0, 0];
                    d_0_t : [0, 0];
                    d_1_0 : [0, 0];
                    d_1_t : [49.99999999995453, 50.00000000001137];
                    d_2_0 : [49.99933894723654, 50.00019073486329];
                    d_2_t : [100, 100];
                    d_3_0 : [100, 100];
                    d_3_t : [100, 100];
                    v_0_0 : [0, 0];
                    v_0_t : [0, 0];
                    v_1_0 : [10, 10];
                    v_1_t : [10, 10];
                    v_2_0 : [10, 10];
                    v_2_t : [10, 10];
                    v_3_0 : [10, 10];
                    v_3_t : [10, 10];
                   mode_0 : [1, 1];
                   mode_1 : [2, 2];
                   mode_2 : [3, 3];
                   mode_3 : [5, 5];
                   time_0 : [0, 0.000762939453125];
                   time_1 : [4.999999999995453, 5.000000000001137];
                   time_2 : [4.999978095293046, 5.000066105276347];
                   time_3 : [1.498265191912652e-05, 5.993060767650605e-05];
                  alt_0_0 : [0, 0];
                  alt_0_t : [0, 0];
                  alt_1_0 : [0, 0];
                  alt_1_t : [50, 50];
                  alt_2_0 : [50, 50]
                  alt_2_t : [50, 50];
                  alt_3_0 : [50, 50];
                  alt_3_t : [50, 50];
                 fire_0_0 : [100, 100];
                 fire_0_t : [100, 100];
                 fire_1_0 : [100, 100];
                 fire_1_t : [100, 100];
                 fire_2_0 : [100, 100];
                 fire_2_t : [100, 100];
                 fire_3_0 : [100, 100];
                 fire_3_t : [99.99940069392324, 99.99985017348081];
                 fuel_0_0 : [900, 900];
                 fuel_0_t : [900, 900];
                 fuel_1_0 : [900, 900];
                 fuel_1_t : [799.9999999999773, 800.000000000091];
                 fuel_2_0 : [799.9999761581421, 800.0000953674317];
                 fuel_2_t : [749.9993151053787, 750.0003144145012];
                 fuel_3_0 : [749.9993151053787, 749.9997518956662];
                 fuel_3_t : [749.9987157993019, 749.9991525895894];
                cargo_0_0 : [99.99978095288498, 100.0006545250472];
                cargo_0_t : [99.99978095288498, 100.0006545250472];
                cargo_1_0 : [99.99978095288498, 100.0006545250472];
                cargo_1_t : [49.99978095293046, 50.0006545250926];
                cargo_2_0 : [49.99978095293046, 50.0006545250926];
                cargo_2_t : [0, 0.0008735721621491166];
                cargo_3_0 : [0.0002247397787868977, 0.0008735721621491166];
                cargo_3_t : [0, 0.000648832383362219];
                smoke_0_0 : [1, 1];
                smoke_0_t : [1, 1];
                smoke_1_0 : [1, 1];
                smoke_1_t : [1, 1];
                smoke_2_0 : [1, 1];
                smoke_2_t : [1, 1];
                smoke_3_0 : [1, 1];
                smoke_3_t : [1, 1];
                water_0_0 : [100, 100];
                water_0_t : [100, 100];
                water_1_0 : [100, 100];
                water_1_t : [100, 100];
                water_2_0 : [100, 100];
                water_2_t : [100, 100];
                water_3_0 : [100, 100];
                water_3_t : [99.99970034696162, 99.99992508674041];
               smoked_0_0 : [0, 0];
               smoked_0_t : [0, 0];
               smoked_1_0 : [0, 0];
               smoked_1_t : [0, 0];
               smoked_2_0 : [0, 0];
               smoked_2_t : [0, 0];
               smoked_3_0 : [1, 1];
               smoked_3_t : [1, 1];
                             CNF_766_762 : U
                             CNF_766_754 : U
                             CNF_766_747 : U
                             CNF_971_966 : U
